(
    (3.0398e+04 2.6921e-07)
    (5.0662e+04 4.5764e-07)
    (7.0928e+04 6.6153e-07)
    (9.1192e+04 8.8806e-07)
    (1.1146e+05 1.1495e-06)
    (1.3172e+05 1.4632e-06)
    (1.5199e+05 1.8551e-06)
    (1.7225e+05 2.3734e-06)
    (1.9252e+05 3.1143e-06)
    (2.1278e+05 4.3023e-06)
    (2.2292e+05 5.2575e-06)
    (2.3305e+05 6.9662e-06)
    (2.4318e+05 2.3703e-05)
    (2.5331e+05 8.3229e-04)
    (2.7358e+05 4.4675e+00)
    (2.9384e+05 3.6626e+01)
    (3.1411e+05 8.3033e+01)
    (3.3437e+05 1.2684e+02)
    (3.5464e+05 1.8595e+02)
    (3.7490e+05 2.3354e+02)
    (3.9517e+05 3.0636e+02)
    (4.1543e+05 3.6433e+02)
    (5.0662e+05 6.1981e+02)
    (6.0795e+05 9.2129e+02)
    (7.0928e+05 1.1264e+03)
    (8.1060e+05 1.2627e+03)
    (9.1192e+05 1.3657e+03)
    (1.0132e+06 1.4826e+03)
)