(
    (3.0398e+04 8.8319e-04)
    (5.0662e+04 1.4859e-03)
    (7.0928e+04 2.1105e-03)
    (9.1192e+04 2.7680e-03)
    (1.1146e+05 3.4721e-03)
    (1.3172e+05 4.2414e-03)
    (1.5199e+05 5.1016e-03)
    (1.7225e+05 6.0927e-03)
    (1.9252e+05 7.2813e-03)
    (2.1278e+05 8.7963e-03)
    (2.2292e+05 9.7595e-03)
    (2.3305e+05 1.0961e-02)
    (2.4318e+05 1.2635e-02)
    (2.5331e+05 1.6821e-02)
    (2.7358e+05 7.7111e-01)
    (2.9384e+05 5.3013e+00)
    (3.1411e+05 2.5098e+01)
    (3.3437e+05 5.1329e+01)
    (3.5464e+05 9.5128e+01)
    (3.7490e+05 1.3783e+02)
    (3.9517e+05 2.1181e+02)
    (4.1543e+05 2.8048e+02)
    (5.0662e+05 6.7797e+02)
    (6.0795e+05 1.4349e+03)
    (7.0928e+05 2.3329e+03)
    (8.1060e+05 3.0774e+03)
    (9.1192e+05 3.8000e+03)
    (1.0132e+06 4.5048e+03)
)